At 20 sec ground: 9 11 13 15 
At 20 sec air: 12 14 16 
At 21 sec ground: 9 11 13 15 17 
At 21 sec air: 12 14 16 18 
At 22 sec ground: 11 13 15 17 19 
At 22 sec air: 12 14 16 18 20 
At 23 sec ground: 11 13 15 17 19 21 
At 23 sec air: 12 14 16 18 20 
At 24 sec ground: 11 13 15 17 19 21 
At 24 sec air: 14 16 18 20 
At 25 sec ground: 11 13 15 17 19 21 23 
At 25 sec air: 14 16 18 20 22 
At 26 sec ground: 13 15 17 19 21 23 25 
At 26 sec air: 14 16 18 20 22 24 26 
At 27 sec ground: 13 15 17 19 21 23 25 27 
At 27 sec air: 14 16 18 20 22 24 26 28 
At 28 sec ground: 13 15 17 19 21 23 25 27 29 
At 28 sec air: 16 18 20 22 24 26 28 
At 29 sec ground: 13 15 17 19 21 23 25 27 29 
At 29 sec air: 16 18 20 22 24 26 28 
At 30 sec ground: 15 17 19 21 23 25 27 29 31 
At 30 sec air: 16 18 20 22 24 26 28 30 
At 31 sec ground: 15 17 19 21 23 25 27 29 31 
At 31 sec air: 16 18 20 22 24 26 28 30 
At 32 sec ground: 15 17 19 21 23 25 27 29 31 
At 32 sec air: 18 20 22 24 26 28 30 
At 33 sec ground: 15 17 19 21 23 25 27 29 31 
At 33 sec air: 18 20 22 24 26 28 30 32 
At 34 sec ground: 17 19 21 23 25 27 29 31 33 
At 34 sec air: 18 20 22 24 26 28 30 32 
At 35 sec ground: 17 19 21 23 25 27 29 31 33 
At 35 sec air: 18 20 22 24 26 28 30 32 
At 36 sec ground: 17 19 21 23 25 27 29 31 33 
At 36 sec air: 20 22 24 26 28 30 32 34 
At 37 sec ground: 17 19 21 23 25 27 29 31 33 35 
At 37 sec air: 20 22 24 26 28 30 32 34 
At 38 sec ground: 19 21 23 25 27 29 31 33 35 
At 38 sec air: 20 22 24 26 28 30 32 34 36 
At 39 sec ground: 19 21 23 25 27 29 31 33 35 37 
At 39 sec air: 20 22 24 26 28 30 32 34 36 
At 40 sec ground: 19 21 23 25 27 29 31 33 35 37 
At 40 sec air: 22 24 26 28 30 32 34 36 
At 41 sec ground: 19 21 23 25 27 29 31 33 35 37 
At 41 sec air: 22 24 26 28 30 32 34 36 38 
At 42 sec ground: 19 21 23 25 27 29 31 33 35 37 
At 42 sec air: 22 24 26 28 30 32 34 36 40 
At 43 sec ground: 19 21 23 25 27 29 31 33 35 37 39 
At 43 sec air: 22 24 26 28 30 32 34 36 40 
At 44 sec ground: 21 23 25 27 29 31 33 35 37 39 
At 44 sec air: 22 24 26 28 30 32 34 36 40 42 
At 45 sec ground: 21 23 25 27 29 31 33 35 37 39 41 
At 45 sec air: 22 24 26 28 30 32 34 36 40 42 44 
At 46 sec ground: 21 23 25 27 29 31 33 35 37 39 41 43 
At 46 sec air: 24 26 28 30 32 34 36 40 42 44 
At 47 sec ground: 21 23 25 27 29 31 33 35 37 39 41 43 
At 47 sec air: 24 26 28 30 32 34 36 40 42 44 
At 48 sec ground: 23 25 27 29 31 33 35 37 39 41 43 
At 48 sec air: 24 26 28 30 32 34 36 40 42 44 46 
At 49 sec ground: 23 25 27 29 31 33 35 37 39 41 43 45 
At 49 sec air: 24 26 28 30 32 34 36 40 42 44 46 
At 50 sec ground: 23 25 27 29 31 33 35 37 39 41 43 45 
At 50 sec air: 26 28 30 32 34 36 40 42 44 46 
At 51 sec ground: 23 25 27 29 31 33 35 37 39 41 43 45 
At 51 sec air: 26 28 30 32 34 36 40 42 44 46 
At 52 sec ground: 25 27 29 31 33 35 37 39 41 43 45 47 
At 52 sec air: 26 28 30 32 34 36 40 42 44 46 48 
At 53 sec ground: 25 27 29 31 33 35 37 39 41 43 45 47 49 
At 53 sec air: 26 28 30 32 34 36 40 42 44 46 48 50 
At 54 sec ground: 25 27 29 31 33 35 37 39 41 43 45 47 49 
At 54 sec air: 28 30 32 34 36 40 42 44 46 48 50 
At 55 sec ground: 25 27 29 31 33 35 37 39 41 43 45 47 49 
At 55 sec air: 28 30 32 34 36 40 42 44 46 48 50 52 
At 56 sec ground: 27 29 31 33 35 37 39 41 43 45 47 49 51 
At 56 sec air: 28 30 32 34 36 40 42 44 46 48 50 52 54 
At 57 sec ground: 27 29 31 33 35 37 39 41 43 45 47 49 51 53 
At 57 sec air: 28 30 32 34 36 40 42 44 46 48 50 52 54 
At 58 sec ground: 27 29 31 33 35 37 39 41 43 45 47 49 51 53 55 
At 58 sec air: 30 32 34 36 40 42 44 46 48 50 52 54 56 58 
At 59 sec ground: 27 29 31 33 35 37 39 41 43 45 47 49 51 53 55 57 
At 59 sec air: 30 32 34 36 40 42 44 46 48 50 52 54 56 58 60 
